Averaged Values:0x60032c:	3582	5234	6314	3760
0x60033c:	5769	3407	2478	3392
0x60034c:	6588	8267	8020	2263
0x60035c:	1045	3238	5146	1965
0x60036c:	5886	2860	3426	7826
0x60037c:	5729	2816	1717	4768
0x60038c:	5599	3040	2402	6101
0x60039c:	3184	5918	4563	3695
0x6003ac:	4203	2408	2754	5734
0x6003bc:	3591	5075	5915	3796
0x6003cc:	6848	5950	3700	6902
0x6003dc:	5390	2443	3159	5001
0x6003ec:	2984	3805

Sum:0x600314:	219656
Average:0x60031c:	4393

Minimum:0x600320:	1045
Maximum:0x600324:	8267

Even Values:0x600328:	30
Odd Values:0x600329:	20
